    0.4880    2.9482
    0.4978    1.8327
    0.9360    5.1142
    0.3893    0.9234
    0.1171    0.4168
    0.2404    2.7619
    0.6849    3.6706
    0.8393    4.2690
    0.9701    7.3260
    0.2152    1.1461
    0.7603    3.7650
    0.5841    0.8603
    0.4030    1.9963
    0.5100    0.4710
    0.4956    0.8683
    0.6514    3.6270
    0.7437    3.6915
    0.3020    0.3927
    0.0896    0.6201
    0.8260    4.3113
    0.3896    1.7010
    0.7753    1.8889
    0.1794   -0.1241
    0.1094   -0.7451
    0.9052    4.7910
    0.8764    2.8340
    0.9998    6.6992
    0.8643    3.4250
    0.0369   -0.1036
    0.5447    3.8687
    0.9976    8.1315
    0.5110    1.1033
    0.8735    4.4885
    0.0702    2.9739
    0.9875    5.2994
    0.9227    6.7771
    0.5643    2.9956
    0.4315    1.6688
    0.3378    0.9908
    0.7207    4.8552
    0.0137    1.7114
    0.3741    0.8041
    0.9227    5.4520
    0.5465    1.2089
    0.4739    1.9173
    0.4965    3.3922
    0.3090    1.8113
    0.9508    4.6275
    0.9820    6.1174
    0.5136    1.2360