3900.0
3449.0
3386.0
3213.0
3168.0
3071.0
2727.0
2727.0
2727.0
2625.0
2444.0
2444.0
2419.0
2419.0
2309.0
2309.0
2309.0
2309.0
2309.0
2309.0
2309.0
2308.0
2308.0
2308.0
2308.0
2308.0
2308.0
2308.0
2308.0
2308.0
2308.0
2284.0
2284.0
2284.0
2284.0
2284.0
2284.0
2284.0
2284.0
2284.0
2284.0
2284.0
2284.0
2284.0
2284.0
2284.0
2284.0
2284.0
2284.0
2284.0
2284.0
2284.0
2284.0
2284.0
2284.0
2284.0
2284.0
2284.0
2284.0
2284.0
2284.0
2225.0
2225.0
2225.0
2225.0
2225.0
2225.0
2225.0
2225.0
2225.0
2225.0
2185.0
2185.0
2185.0
2185.0
2185.0
2185.0
2185.0
2185.0
2185.0
2185.0
2164.0
2164.0
2164.0
2164.0
2164.0
2164.0
2164.0
2164.0
2164.0
2164.0
2164.0
2164.0
2164.0
2164.0
2164.0
2164.0
2164.0
2164.0
2164.0
2164.0
2164.0
2164.0
2164.0
2164.0
2164.0
2164.0
2164.0
2164.0
2164.0
2164.0
2130.0
2130.0
2130.0
2130.0
2130.0
2130.0
2130.0
2130.0
2130.0
2130.0
2130.0
2130.0
2130.0
2130.0
2130.0
2130.0
2130.0
2130.0
2130.0
2130.0
2130.0
2130.0
2130.0
2130.0
2130.0
2130.0
2130.0
2130.0
2130.0
2130.0
2130.0
2130.0
2130.0
2130.0
2130.0
2130.0
2130.0
2130.0
2130.0
2130.0
2130.0
2130.0
2130.0
2130.0
2130.0
2130.0
2130.0
2130.0
2130.0
2130.0
2130.0
2130.0
2130.0
2130.0
2130.0
2130.0
2130.0
2130.0
2130.0
2130.0
2130.0
2130.0
2130.0
2130.0
2130.0
2130.0
2130.0
2130.0
2130.0
2130.0
2130.0
2130.0
2130.0
2130.0
2130.0
2130.0
2130.0
2130.0
2130.0
2130.0
2103.0
2103.0
2103.0
2103.0
2103.0
2103.0
2103.0
2103.0
2103.0
2103.0
2103.0
2103.0
2103.0
2103.0
2103.0
2103.0
2103.0
2103.0
2103.0
2103.0
2103.0
2103.0
2103.0
2103.0
2103.0
2103.0
2103.0
2103.0
2103.0
2103.0
2103.0
2103.0
2103.0
2103.0
2103.0
2103.0
2103.0
2103.0
2103.0
2103.0
2103.0
2103.0
2103.0
2103.0
2103.0
2103.0
2103.0
2103.0
2103.0
2103.0
2103.0
2103.0
2103.0
2103.0
2103.0
2103.0
2103.0
2103.0
2103.0
2103.0
2103.0
2103.0
2103.0
2103.0
2103.0
2103.0
2103.0
2103.0
2103.0
2103.0
2103.0
2103.0
2103.0
2103.0
2103.0
2103.0
2103.0
2103.0
2103.0
2103.0
2103.0
2103.0
2103.0
2103.0
2103.0
2103.0
2103.0
2103.0
2103.0
2103.0
2103.0
2103.0
2103.0
2103.0
2103.0
2103.0
2103.0
2103.0
2103.0
2103.0
2103.0
2103.0
2103.0
2103.0
2103.0
2103.0
2103.0
2103.0
2103.0
2103.0
2103.0
2103.0
2103.0
2103.0
2103.0
2103.0
2103.0
2103.0
2103.0
2103.0
2103.0
2103.0
2103.0
2103.0
2103.0
2103.0
2103.0
2103.0
2103.0
2103.0
2103.0
2103.0
2103.0
2103.0
2103.0
2103.0
2103.0
2103.0
2103.0
2103.0
2103.0
2103.0
2103.0
2103.0
2103.0
2103.0
2103.0
2103.0
2103.0
2103.0
2103.0
2103.0
2103.0
2103.0
2103.0
2103.0
2103.0
2103.0
2103.0
2103.0
2103.0
2103.0
2103.0
2103.0
2103.0
2103.0
2103.0
2103.0
2103.0
2103.0
2103.0
2103.0
2103.0
2103.0
2103.0
2103.0
2103.0
2103.0
2103.0
2103.0
2103.0
2103.0
2103.0
2103.0
2103.0
2103.0
2103.0
2103.0
2103.0
2103.0
2103.0
2103.0
2103.0
2103.0
2103.0
2103.0
2103.0
2103.0
2103.0
2103.0
2103.0
2103.0
2103.0
2103.0
2103.0
2103.0
2103.0
2103.0
2103.0
2103.0
2103.0
2103.0
2103.0
2103.0
2103.0
2103.0
2103.0
2103.0
2103.0
2103.0
2103.0
2103.0
2103.0
2103.0
2103.0
2103.0
2103.0
2103.0
2103.0
2103.0
2103.0
2103.0
2103.0
2103.0
2103.0
2103.0
2103.0
2103.0
2103.0
2103.0
2103.0
2103.0
2103.0
2103.0
2103.0
2103.0
2103.0
2103.0
2103.0
2103.0
2103.0
2103.0
2103.0
2103.0
2103.0
2103.0
2103.0
2103.0
2103.0
2103.0
2103.0
2103.0
2103.0
2103.0
2103.0
2103.0
2103.0
2103.0
2103.0
2103.0
2103.0
2103.0
2103.0
2103.0
2103.0
2103.0
2103.0
2103.0
2103.0
2103.0
2103.0
2103.0
2103.0
2103.0
2103.0
2103.0
2103.0
2103.0
2103.0
2103.0
2103.0
2103.0
2103.0
2103.0
2103.0
2103.0
2103.0
2103.0
2103.0
2103.0
2103.0
2103.0
2103.0
2103.0
2103.0
2103.0
2103.0
2103.0
2103.0
2103.0

