2252.0
2076.0
1979.0
1979.0
1798.0
1798.0
1769.0
1769.0
1678.0
1672.0
1633.0
1571.0
1571.0
1436.0
1430.0
1414.0
1414.0
1367.0
1359.0
1359.0
1359.0
1263.0
1263.0
1263.0
1263.0
1263.0
1263.0
1263.0
1263.0
1263.0
1263.0
1234.0
1234.0
1234.0
1234.0
1234.0
1234.0
1234.0
1234.0
1234.0
1234.0
1234.0
1234.0
1234.0
1234.0
1234.0
1234.0
1234.0
1234.0
1234.0
1234.0
1229.0
1229.0
1229.0
1229.0
1229.0
1229.0
1229.0
1229.0
1229.0
1229.0
1186.0
1186.0
1186.0
1186.0
1186.0
1186.0
1186.0
1186.0
1186.0
1186.0
1186.0
1186.0
1186.0
1186.0
1186.0
1186.0
1186.0
1186.0
1186.0
1186.0
1158.0
1158.0
1158.0
1158.0
1158.0
1158.0
1158.0
1158.0
1158.0
1158.0
1153.0
1153.0
1153.0
1150.0
1150.0
1150.0
1150.0
1150.0
1150.0
1150.0
1137.0
1137.0
1137.0
1137.0
1137.0
1137.0
1137.0
1137.0
1137.0
1137.0
1105.0
1105.0
1105.0
1105.0
1105.0
1105.0
1105.0
1105.0
1105.0
1105.0
1103.0
1103.0
1103.0
1103.0
1103.0
1103.0
1103.0
1103.0
1103.0
1103.0
1103.0
1103.0
1103.0
1103.0
1103.0
1103.0
1103.0
1103.0
1103.0
1103.0
1103.0
1103.0
1103.0
1103.0
1103.0
1103.0
1103.0
1103.0
1103.0
1103.0
1103.0
1103.0
1103.0
1103.0
1103.0
1103.0
1103.0
1103.0
1103.0
1103.0
1091.0
1091.0
1091.0
1090.0
1090.0
1090.0
1090.0
1090.0
1090.0
1090.0
1085.0
1085.0
1085.0
1085.0
1085.0
1085.0
1085.0
1085.0
1085.0
1085.0
1085.0
1085.0
1085.0
1085.0
1085.0
1085.0
1085.0
1085.0
1085.0
1085.0
1085.0
1085.0
1085.0
1085.0
1085.0
1085.0
1085.0
1085.0
1085.0
1085.0
1062.0
1062.0
1062.0
1062.0
1062.0
1062.0
1062.0
1062.0
1062.0
1062.0
1062.0
1062.0
1062.0
1062.0
1062.0
1062.0
1062.0
1062.0
1062.0
1062.0
1062.0
1062.0
1062.0
1062.0
1062.0
1062.0
1062.0
1062.0
1062.0
1062.0
1044.0
1044.0
1044.0
1044.0
1044.0
1044.0
1044.0
1044.0
1044.0
1044.0
1044.0
1044.0
1044.0
1044.0
1044.0
1044.0
1044.0
1044.0
1044.0
1044.0
1043.0
1043.0
1043.0
1043.0
1043.0
1043.0
1043.0
1043.0
1043.0
1043.0
1026.0
1026.0
1026.0
1026.0
1026.0
1026.0
1026.0
1026.0
1026.0
1026.0
1009.0
1009.0
1009.0
1009.0
1009.0
1009.0
1009.0
1009.0
1009.0
1009.0
1009.0
1009.0
1009.0
1009.0
1009.0
1009.0
1009.0
1009.0
1009.0
1009.0
991.0
991.0
991.0
991.0
991.0
991.0
991.0
991.0
991.0
991.0
989.0
989.0
989.0
989.0
989.0
989.0
989.0
989.0
989.0
989.0
989.0
989.0
989.0
989.0
989.0
989.0
989.0
989.0
989.0
989.0
989.0
989.0
989.0
989.0
989.0
989.0
989.0
989.0
989.0
989.0
989.0
989.0
989.0
989.0
989.0
989.0
989.0
989.0
989.0
989.0
989.0
989.0
989.0
989.0
989.0
989.0
989.0
989.0
989.0
989.0
989.0
989.0
989.0
989.0
989.0
989.0
989.0
989.0
989.0
989.0
985.0
985.0
985.0
985.0
985.0
985.0
985.0
985.0
985.0
985.0
985.0
985.0
985.0
985.0
985.0
985.0
985.0
985.0
985.0
985.0
985.0
985.0
985.0
985.0
985.0
985.0
985.0
985.0
985.0
985.0
985.0
985.0
985.0
985.0
985.0
985.0
985.0
985.0
985.0
985.0
985.0
985.0
985.0
985.0
985.0
985.0
985.0
985.0
985.0
985.0
985.0
985.0
985.0
985.0
985.0
985.0
985.0
985.0
985.0
985.0
985.0
985.0
985.0
985.0
985.0
985.0
985.0
985.0
985.0
985.0
985.0
985.0
985.0
985.0
985.0
985.0
985.0
985.0
985.0
985.0
985.0
985.0
985.0
985.0
985.0
985.0
985.0
985.0
985.0
985.0
985.0
985.0
985.0
985.0
985.0
985.0
985.0
985.0
985.0
985.0
985.0
985.0
985.0
985.0
985.0
985.0
985.0
985.0
985.0
985.0
985.0
985.0
985.0
985.0
985.0
985.0
985.0
985.0
985.0
985.0
985.0
985.0
985.0
985.0
985.0
985.0
985.0
985.0
985.0
985.0
985.0
985.0
985.0
985.0
985.0
985.0
985.0
985.0
985.0
985.0

