2581.0
2539.0
2338.0
2093.0
2093.0
1964.0
1925.0
1924.0
1902.0
1820.0
1772.0
1709.0
1709.0
1709.0
1588.0
1588.0
1578.0
1578.0
1578.0
1578.0
1578.0
1578.0
1578.0
1578.0
1578.0
1578.0
1578.0
1578.0
1578.0
1578.0
1578.0
1537.0
1520.0
1520.0
1520.0
1520.0
1520.0
1520.0
1520.0
1520.0
1520.0
1483.0
1483.0
1469.0
1469.0
1469.0
1469.0
1469.0
1469.0
1469.0
1469.0
1437.0
1437.0
1437.0
1431.0
1431.0
1409.0
1409.0
1393.0
1393.0
1393.0
1381.0
1324.0
1318.0
1318.0
1318.0
1318.0
1318.0
1318.0
1318.0
1318.0
1311.0
1311.0
1272.0
1272.0
1272.0
1272.0
1272.0
1272.0
1272.0
1272.0
1232.0
1232.0
1232.0
1232.0
1232.0
1232.0
1232.0
1232.0
1232.0
1232.0
1224.0
1221.0
1221.0
1221.0
1211.0
1211.0
1211.0
1211.0
1211.0
1211.0
1211.0
1211.0
1211.0
1211.0
1211.0
1211.0
1211.0
1211.0
1211.0
1211.0
1200.0
1175.0
1175.0
1164.0
1164.0
1164.0
1164.0
1164.0
1164.0
1164.0
1159.0
1159.0
1159.0
1159.0
1159.0
1159.0
1159.0
1159.0
1159.0
1159.0
1120.0
1120.0
1120.0
1120.0
1120.0
1120.0
1120.0
1120.0
1120.0
1120.0
1110.0
1084.0
1084.0
1084.0
1084.0
1084.0
1084.0
1084.0
1084.0
1084.0
1067.0
1067.0
1067.0
1067.0
1067.0
1067.0
1067.0
1067.0
1067.0
1067.0
1067.0
1067.0
1067.0
1067.0
1067.0
1067.0
1067.0
1067.0
1067.0
1067.0
1060.0
1060.0
1060.0
1060.0
1060.0
1060.0
1056.0
1056.0
1056.0
1056.0
1056.0
1056.0
1056.0
1056.0
1056.0
1056.0
1056.0
1056.0
1056.0
1056.0
1056.0
1056.0
1056.0
1056.0
1056.0
1056.0
1056.0
1056.0
1056.0
1056.0
1025.0
1025.0
1025.0
1025.0
1025.0
1025.0
1025.0
1025.0
1025.0
1025.0
1016.0
1016.0
1016.0
1016.0
1016.0
1016.0
1016.0
1016.0
1016.0
1016.0
1016.0
1016.0
1016.0
1016.0
1016.0
1016.0
1016.0
1016.0
1016.0
1016.0
980.0
980.0
980.0
980.0
980.0
980.0
980.0
980.0
980.0
980.0
980.0
980.0
980.0
980.0
980.0
980.0
980.0
980.0
980.0
980.0
970.0
970.0
970.0
970.0
970.0
970.0
970.0
970.0
970.0
970.0
970.0
970.0
970.0
970.0
970.0
970.0
970.0
970.0
970.0
970.0
968.0
968.0
968.0
968.0
968.0
968.0
968.0
968.0
968.0
968.0
926.0
926.0
926.0
926.0
926.0
926.0
926.0
926.0
926.0
926.0
926.0
926.0
926.0
926.0
926.0
926.0
926.0
926.0
926.0
926.0
926.0
926.0
926.0
926.0
926.0
926.0
926.0
926.0
926.0
926.0
926.0
926.0
926.0
926.0
926.0
926.0
926.0
926.0
926.0
926.0
903.0
903.0
903.0
903.0
903.0
903.0
903.0
903.0
903.0
903.0
903.0
903.0
903.0
903.0
903.0
903.0
903.0
903.0
903.0
903.0
898.0
898.0
898.0
898.0
898.0
898.0
898.0
898.0
898.0
898.0
888.0
888.0
888.0
888.0
888.0
888.0
888.0
888.0
888.0
888.0
888.0
888.0
888.0
888.0
888.0
888.0
888.0
888.0
888.0
888.0
888.0
888.0
888.0
888.0
888.0
888.0
888.0
888.0
888.0
888.0
888.0
888.0
888.0
888.0
888.0
888.0
888.0
888.0
888.0
888.0
888.0
888.0
888.0
888.0
888.0
888.0
888.0
888.0
888.0
888.0
888.0
888.0
888.0
888.0
888.0
888.0
888.0
888.0
888.0
888.0
883.0
878.0
878.0
878.0
878.0
878.0
878.0
878.0
878.0
878.0
867.0
867.0
867.0
863.0
863.0
863.0
863.0
863.0
863.0
863.0
863.0
863.0
863.0
863.0
863.0
863.0
863.0
863.0
863.0
863.0
863.0
863.0
863.0
863.0
863.0
863.0
863.0
863.0
863.0
863.0
863.0
863.0
863.0
863.0
863.0
863.0
863.0
863.0
863.0
863.0
863.0
863.0
863.0
863.0
863.0
863.0
863.0
863.0
863.0
863.0
863.0
863.0
863.0
863.0
863.0
863.0
863.0
863.0
863.0
863.0
862.0
851.0
851.0
851.0
851.0
851.0
851.0
851.0
851.0
851.0
851.0
851.0
851.0
851.0
851.0
851.0
851.0
851.0
851.0
851.0

