[ 1 1 0 0 0 0 1 ] :::  3.811972 3.619962 -3.928889 -8.763307 -0.000000 -1.434244 6.694710
[ 1 1 0 0 0 0 0 ] :::  5.410825 3.753457 -1.257714 -6.490054 -0.000000 -1.315751 -0.100605
[ 1 1 0 0 0 0 1 ] :::  0.460686 3.273501 -0.123957 -3.600100 -0.000000 -1.282710 1.272769
[ 1 1 0 0 0 0 0 ] :::  6.719838 9.073062 -4.664639 -2.772982 -0.000000 -1.434920 -6.920130
[ 1 1 1 0 0 0 1 ] :::  1.015431 3.269520 1.093772 -4.869311 -0.000000 -1.402099 0.892913
[ 1 1 1 1 0 0 0 ] :::  2.640468 4.789110 1.673428 1.124954 -0.000000 -1.238877 -8.988883
[ 1 0 0 0 0 0 1 ] :::  3.706068 -1.939492 -0.568741 -4.814107 -0.000000 -1.375378 4.991837
[ 1 1 0 0 0 0 1 ] :::  3.803460 0.497659 -0.289230 -4.439214 -0.000000 -1.362927 1.790452
[ 1 1 0 0 0 0 1 ] :::  6.301433 5.010062 -5.140358 -9.389799 -0.000000 -1.276106 4.494899
[ 1 1 1 1 0 0 0 ] :::  2.860973 7.296284 0.546900 3.051210 -0.000000 -1.361581 -12.393553
[ 1 1 1 1 0 0 0 ] :::  3.918928 0.899915 0.911752 0.800858 -0.000000 -1.423105 -5.108097
[ 1 0 0 0 0 0 1 ] :::  3.443089 -1.752122 -5.005214 -2.180939 -0.000000 -1.327534 6.822867
[ 1 0 0 0 0 0 1 ] :::  5.426667 -3.545529 -2.457674 -7.830831 -0.000000 -1.322459 9.729978
[ 1 1 0 0 0 0 1 ] :::  2.108854 4.253028 -1.322762 -5.001856 -0.000000 -1.391185 1.354119
[ 1 1 0 0 0 0 0 ] :::  10.256246 2.010485 -3.114542 -4.059268 -0.000000 -1.325150 -3.767574
[ 0 1 1 0 0 0 0 ] :::  -0.041520 5.425691 3.020072 -4.218333 -0.000000 -1.389548 -2.796135
[ 1 1 0 0 0 0 1 ] :::  8.256891 0.961968 -3.245627 -5.069207 -0.000000 -1.325517 0.421661
[ 1 1 0 0 0 0 1 ] :::  7.699687 1.485072 -3.782828 -4.398902 -0.000000 -1.340956 0.338097
[ 1 0 0 0 0 0 1 ] :::  6.947957 -0.696952 -3.420529 -6.312385 -0.000000 -1.365055 4.847119
[ 1 1 0 0 0 0 0 ] :::  2.667412 5.283959 -2.364428 -0.524854 -0.000000 -1.426380 -3.635484
[ 1 1 0 0 0 0 0 ] :::  3.608477 4.657538 -3.055770 -3.714276 -0.000000 -1.386639 -0.109120
[ 0 1 1 1 0 0 0 ] :::  -0.212406 4.124062 2.436562 0.177768 -0.000000 -1.241903 -5.283865
[ 1 1 0 0 0 0 0 ] :::  1.056703 3.329874 -0.395037 -1.312791 -0.000000 -1.366309 -1.312218
[ 0 1 1 0 0 0 0 ] :::  -1.976167 5.576367 2.565750 -0.172316 -0.000000 -1.304536 -4.688887
[ 1 1 1 0 0 0 0 ] :::  5.275045 0.553286 0.732915 -2.002540 -0.000000 -1.320929 -3.237586
[ 1 1 1 0 0 0 0 ] :::  1.889383 6.878851 1.200885 -2.062842 -0.000000 -1.352690 -6.553365
[ 0 1 0 0 0 0 0 ] :::  -0.161123 7.460925 -0.510336 -3.237362 -0.000000 -1.308491 -2.243409
[ 1 1 0 0 0 0 0 ] :::  5.781349 3.904659 -2.645521 -4.785279 -0.000000 -1.373909 -0.881113
[ 1 1 1 0 0 0 1 ] :::  3.916424 4.561038 0.451714 -9.810923 -0.000000 -1.407170 2.289109
[ 1 1 1 0 0 0 0 ] :::  1.106193 3.161941 0.542399 -2.112336 -0.000000 -1.268611 -1.429386
[ 1 1 1 0 0 0 0 ] :::  0.343437 4.986568 3.080933 -6.078673 -0.000000 -1.375588 -0.956467
[ 1 1 0 0 0 0 0 ] :::  2.871737 5.006765 -0.597261 -0.192222 -0.000000 -1.279221 -5.809614
[ 1 1 0 0 0 0 1 ] :::  6.235305 2.785289 -7.135484 -3.921495 -0.000000 -1.280060 3.316592
[ 1 0 1 0 0 0 1 ] :::  6.152869 -1.043434 1.662329 -8.217210 -0.000000 -1.367045 2.812681
[ 1 1 0 0 0 0 0 ] :::  5.523043 7.680606 -3.836737 -1.835114 -0.000000 -1.282909 -6.248695
[ 1 1 0 1 0 0 0 ] :::  5.713068 7.692004 -3.741501 4.025697 -0.000000 -1.395463 -12.293585
[ 1 1 0 1 0 0 0 ] :::  4.726519 10.170676 -2.809044 0.981760 -0.000000 -1.235879 -11.833828
[ 1 0 0 0 0 0 1 ] :::  5.658860 -3.951614 -3.490800 -5.504663 -0.000000 -1.351599 8.639958
[ 1 1 0 0 0 0 1 ] :::  0.422870 1.406516 -0.910436 -4.265506 -0.000000 -1.440669 4.787430
[ 1 1 1 1 0 0 0 ] :::  2.081374 9.286334 3.347136 13.141219 -0.000000 -1.305105 -26.550665
[ 1 0 0 1 0 0 1 ] :::  2.895792 -1.371124 -5.552451 0.191772 -0.000000 -1.361167 5.197339
[ 1 1 0 0 0 0 1 ] :::  3.371870 4.503794 -2.618314 -4.626662 -0.000000 -1.383677 0.753197
[ 1 1 0 0 0 0 1 ] :::  2.862490 0.623158 -0.260343 -2.566409 -0.000000 -1.337133 0.678447
[ 0 1 1 1 0 0 0 ] :::  -0.781354 4.439018 6.250670 0.346877 -0.000000 -1.250028 -9.004949
[ 1 0 0 1 0 0 1 ] :::  4.363049 -0.092245 -4.656754 0.051147 -0.000000 -1.389226 1.724213
[ 0 1 1 1 0 0 0 ] :::  -4.066710 9.814637 5.736560 12.338494 -0.000000 -1.211092 -22.611632
[ 1 1 0 0 0 0 1 ] :::  6.419412 2.321461 -6.309759 -3.981373 -0.000000 -1.242750 2.793154
[ 1 1 0 0 0 0 1 ] :::  4.564268 3.021239 -2.657713 -4.942858 -0.000000 -1.421797 1.437079
[ 1 1 1 1 0 0 0 ] :::  2.068338 6.367008 2.556201 0.597657 -0.000000 -1.285063 -10.303932
[ 1 1 1 0 0 0 0 ] :::  3.488988 5.115512 1.300305 -2.983121 -0.000000 -1.300553 -5.620918
